##     rcc wcc   hc   hg ferr   bmi   ssf pcBfat   lbm    ht   wt sex  sport
## 1  3.96 7.5 37.5 12.3   60 20.56 109.1  19.75 63.32 195.9 78.9   f B_Ball
## 2  4.41 8.3 38.2 12.7   68 20.67 102.8  21.30 58.55 189.7 74.4   f B_Ball
## 3  4.14 5.0 36.4 11.6   21 21.86 104.6  19.88 55.36 177.8 69.1   f B_Ball
## 4  4.11 5.3 37.3 12.6   69 21.88 126.4  23.66 57.18 185.0 74.9   f B_Ball
## 5  4.45 6.8 41.5 14.0   29 18.96  80.3  17.64 53.20 184.6 64.6   f B_Ball
## 6  4.10 4.4 37.4 12.5   42 21.04  75.2  15.58 53.77 174.0 63.7   f B_Ball
## 7  4.31 5.3 39.6 12.8   73 21.69  87.2  19.99 60.17 186.2 75.2   f B_Ball
## 8  4.42 5.7 39.9 13.2   44 20.62  97.9  22.43 48.33 173.8 62.3   f B_Ball
## 9  4.30 8.9 41.1 13.5   41 22.64  75.1  17.95 54.57 171.4 66.5   f B_Ball
## 10 4.51 4.4 41.6 12.7   44 19.44  65.1  15.07 53.42 179.9 62.9   f B_Ball